  1  Dr.Lutfar    Anesthesiology  101
  2  Dr.Monira    Burn            102
  3  Dr.Belal     Cardiology      103
  4  Dr.Debazit   Cancer          104
  5  Dr.Eshita    Diabetas        105
  6  Dr.Tuli      Gynaecology     106
  7  Dr.Mannan    Medicine        107
  8  Dr.Mustabir  Neuromedicine   108
  9  Dr.Haque     Orthopaedics    109
  10 Dr.Sarah     Psychologist    110
2147483647       0
4721034       7208616
4721034       7208616
4721034       7208616
4721034       7208616
4721034       7208616
4721034       7208616
4721034       7208616
4721034       7208616
4721034       7208616
4721034       7208616
4721034       7208616
4721034       7208616
4721034       7208616
4721034       7208616
4721034       7208616
4721034       7208616
4721034       7208616
4721034       7208616
4721034       7208616
4721034       7208616
4721034       7208616
4721034       7208616
4721034       7208616
4721034       7208616
4721034       7208616
4721034       7208616
4721034       7208616
4721034       7208616
4721034       7208616
4721034       7208616
4721034       7208616
4721034       7208616
4721034       7208616
4721034       7208616
4721034       7208616
4721034       7208616
4721034       7208616
4721034       7208616
4721034       7208616
4721034       7208616
4721034       7208616
4721034       7208616
4721034       7208616
4721034       7208616
4721034       7208616
4721034       7208616
4721034       7208616
4721034       7208616
4721034       7208616
4721034       7208616
4721034       7208616
4721034       7208616
4721034       7208616
4721034       7208616
4721034       7208616
4721034       7208616
4721034       7208616
4721034       7208616
4721034       7208616
4721034       7208616
4721034       7208616
4721034       7208616
4721034       7208616
4721034       7208616
4721034       7208616
4721034       7208616
4721034       7208616
4721034       7208616
4721034       7208616
4721034       7208616
4721034       7208616
4721034       7208616
4721034       7208616
4721034       7208616
4721034       7208616
4721034       7208616
4721034       7208616
4721034       7208616
4721034       7208616
4721034       7208616
4721034       7208616
4721034       7208616
4721034       7208616
4721034       7208616
4721034       7208616
4721034       7208616
4721034       7208616
4721034       7208616
4721034       7208616
4721034       7208616
4721034       7208616
4721034       7208616
4721034       7208616
4721034       7208616
4721034       7208616
4721034       7208616
4721034       7208616
4721034       7208616
4721034       7208616
4721034       7208616
4721034       7208616
4721034       7208616
4721034       7208616
4721034       7208616
4721034       7208616
4721034       7208616
4721034       7208616
4721034       7208616
4721034       7208616
4721034       7208616
4721034       7208616
4721034       7208616
4721034       7208616
4721034       7208616
4721034       7208616
4721034       7208616
4721034       7208616
4721034       7208616
4721034       7208616
4721034       7208616
4721034       7208616
4721034       7208616
4721034       7208616
4721034       7208616
4721034       7208616
4721034       7208616
4721034       7208616
4721034       7208616
4721034       7208616
4721034       7208616
4721034       7208616
4721034       7208616
4721034       7208616
4721034       7208616
4721034       7208616
4721034       7208616
4721034       7208616
4721034       7208616
4721034       7208616
4721034       7208616
4721034       7208616
4721034       7208616
4721034       7208616
4721034       7208616
4721034       7208616
4721034       7208616
4721034       7208616
4721034       7208616
4721034       7208616
4721034       7208616
4721034       7208616
4721034       7208616
4721034       7208616
4721034       7208616
4721034       7208616
4721034       7208616
4721034       7208616
4721034       7208616
4721034       7208616
4721034       7208616
4721034       7208616
4721034       7208616
4721034       7208616
4721034       7208616
4721034       7208616
4721034       7208616
4721034       7208616
4721034       7208616
4721034       7208616
4721034       7208616
4721034       7208616
4721034       7208616
4721034       7208616
4721034       7208616
4721034       7208616
4721034       7208616
4721034       7208616
4721034       7208616
4721034       7208616
4721034       7208616
4721034       7208616
4721034       7208616
4721034       7208616
4721034       7208616
4721034       7208616
4721034       7208616
4721034       7208616
4721034       7208616
4721034       7208616
4721034       7208616
4721034       7208616
4721034       7208616
4721034       7208616
4721034       7208616
4721034       7208616
4721034       7208616
4721034       7208616
4721034       7208616
4721034       7208616
4721034       7208616
4721034       7208616
4721034       7208616
4721034       7208616
4721034       7208616
4721034       7208616
4721034       7208616
4721034       7208616
4721034       7208616
4721034       7208616
4721034       7208616
4721034       7208616
4721034       7208616
4721034       7208616
4721034       7208616
4721034       7208616
4721034       7208616
4721034       7208616
4721034       7208616
4721034       7208616
4721034       7208616
4721034       7208616
4721034       7208616
4721034       7208616
4721034       7208616
4721034       7208616
4721034       7208616
4721034       7208616
4721034       7208616
4721034       7208616
4721034       7208616
4721034       7208616
4721034       7208616
4721034       7208616
4721034       7208616
4721034       7208616
4721034       7208616
4721034       7208616
4721034       7208616
4721034       7208616
4721034       7208616
4721034       7208616
4721034       7208616
4721034       7208616
4721034       7208616
4721034       7208616
4721034       7208616
4721034       7208616
4721034       7208616
4721034       7208616
4721034       7208616
4721034       7208616
4721034       7208616
4721034       7208616
4721034       7208616
4721034       7208616
4721034       7208616
4721034       7208616
4721034       7208616
4721034       7208616
4721034       7208616
4721034       7208616
4721034       7208616
4721034       7208616
4721034       7208616
4721034       7208616
4721034       7208616
4721034       7208616
4721034       7208616
4721034       7208616
4721034       7208616
4721034       7208616
4721034       7208616
4721034       7208616
4721034       7208616
4721034       7208616
4721034       7208616
4721034       7208616
4721034       7208616
4721034       7208616
4721034       7208616
4721034       7208616
4721034       7208616
4721034       7208616
4721034       7208616
4721034       7208616
4721034       7208616
4721034       7208616
4721034       7208616
4721034       7208616
4721034       7208616
4721034       7208616
4721034       7208616
4721034       7208616
4721034       7208616
4721034       7208616
4721034       7208616
4721034       7208616
4721034       7208616
4721034       7208616
4721034       7208616
4721034       7208616
4721034       7208616
4721034       7208616
4721034       7208616
4721034       7208616
4721034       7208616
4721034       7208616
4721034       7208616
4721034       7208616
4721034       7208616
4721034       7208616
4721034       7208616
4721034       7208616
4721034       7208616
4721034       7208616
4721034       7208616
4721034       7208616
4721034       7208616
4721034       7208616
4721034       7208616
4721034       7208616
4721034       7208616
4721034       7208616
4721034       7208616
4721034       7208616
4721034       7208616
4721034       7208616
4721034       7208616
4721034       7208616
4721034       7208616
4721034       7208616
4721034       7208616
4721034       7208616
4721034       7208616
4721034       7208616
4721034       7208616
4721034       7208616
4721034       7208616
4721034       7208616
4721034       7208616
4721034       7208616
4721034       7208616
4721034       7208616
4721034       7208616
4721034       7208616
4721034       7208616
4721034       7208616
4721034       7208616
4721034       7208616
4721034       7208616
4721034       7208616
4721034       7208616
4721034       7208616
4721034       7208616
4721034       7208616
4721034       7208616
4721034       7208616
4721034       7208616
4721034       7208616
4721034       7208616
4721034       7208616
4721034       7208616
4721034       7208616
4721034       7208616
4721034       7208616
4721034       7208616
4721034       7208616
4721034       7208616
4721034       7208616
4721034       7208616
4721034       7208616
4721034       7208616
4721034       7208616
4721034       7208616
4721034       7208616
4721034       7208616
4721034       7208616
4721034       7208616
4721034       7208616
4721034       7208616
4721034       7208616
4721034       7208616
4721034       7208616
4721034       7208616
4721034       7208616
4721034       7208616
4721034       7208616
4721034       7208616
4721034       7208616
4721034       7208616
4721034       7208616
4721034       7208616
4721034       7208616
4721034       7208616
4721034       7208616
4721034       7208616
4721034       7208616
4721034       7208616
4721034       7208616
4721034       7208616
4721034       7208616
4721034       7208616
4721034       7208616
4721034       7208616
4721034       7208616
4721034       7208616
4721034       7208616
4721034       7208616
4721034       7208616
4721034       7208616
4721034       7208616
4721034       7208616
4721034       7208616
4721034       7208616
4721034       7208616
4721034       7208616
4721034       7208616
4721034       7208616
4721034       7208616
4721034       7208616
4721034       7208616
4721034       7208616
4721034       7208616
4721034       7208616
4721034       7208616
4721034       7208616
4721034       7208616
4721034       7208616
4721034       7208616
4721034       7208616
4721034       7208616
4721034       7208616
4721034       7208616
4721034       7208616
4721034       7208616
4721034       7208616
4721034       7208616
4721034       7208616
4721034       7208616
4721034       7208616
4721034       7208616
4721034       7208616
4721034       7208616
4721034       7208616
4721034       7208616
4721034       7208616
4721034       7208616
4721034       7208616
4721034       7208616
4721034       7208616
4721034       7208616
4721034       7208616
4721034       7208616
4721034       7208616
4721034       7208616
4721034       7208616
4721034       7208616
4721034       7208616
4721034       7208616
4721034       7208616
4721034       7208616
4721034       7208616
4721034       7208616
4721034       7208616
4721034       7208616
4721034       7208616
4721034       7208616
4721034       7208616
4721034       7208616
4721034       7208616
4721034       7208616
4721034       7208616
4721034       7208616
4721034       7208616
4721034       7208616
4721034       7208616
4721034       7208616
4721034       7208616
4721034       7208616
4721034       7208616
4721034       7208616
4721034       7208616
4721034       7208616
4721034       7208616
4721034       7208616
4721034       7208616
4721034       7208616
4721034       7208616
4721034       7208616
4721034       7208616
4721034       7208616
4721034       7208616
4721034       7208616
4721034       7208616
4721034       7208616
4721034       7208616
4721034       7208616
4721034       7208616
4721034       7208616
4721034       7208616
4721034       7208616
4721034       7208616
4721034       7208616
4721034       7208616
4721034       7208616
4721034       7208616
4721034       7208616
4721034       7208616
4721034       7208616
4721034       7208616
4721034       7208616
4721034       7208616
4721034       7208616
4721034       7208616
4721034       7208616
4721034       7208616
4721034       7208616
4721034       7208616
4721034       7208616
4721034       7208616
4721034       7208616
4721034       7208616
4721034       7208616
4721034       7208616
4721034       7208616
4721034       7208616
4721034       7208616
4721034       7208616
4721034       7208616
4721034       7208616
4721034       7208616
4721034       7208616
4721034       7208616
4721034       7208616
4721034       7208616
4721034       7208616
4721034       7208616
4721034       7208616
4721034       7208616
4721034       7208616
4721034       7208616
4721034       7208616
4721034       7208616
4721034       7208616
4721034       7208616
4721034       7208616
4721034       7208616
4721034       7208616
4721034       7208616
4721034       7208616
4721034       7208616
4721034       7208616
4721034       7208616
4721034       7208616
4721034       7208616
4721034       7208616
4721034       7208616
4721034       7208616
4721034       7208616
4721034       7208616
4721034       7208616
4721034       7208616
4721034       7208616
4721034       7208616
4721034       7208616
4721034       7208616
4721034       7208616
4721034       7208616
4721034       7208616
4721034       7208616
4721034       7208616
4721034       7208616
4721034       7208616
4721034       7208616
4721034       7208616
4721034       7208616
4721034       7208616
4721034       7208616
4721034       7208616
4721034       7208616
4721034       7208616
4721034       7208616
4721034       7208616
4721034       7208616
4721034       7208616
4721034       7208616
4721034       7208616
4721034       7208616
4721034       7208616
4721034       7208616
4721034       7208616
4721034       7208616
4721034       7208616
4721034       7208616
4721034       7208616
4721034       7208616
4721034       7208616
4721034       7208616
4721034       7208616
4721034       7208616
4721034       7208616
1   sakib  cardiac  10022
